%YAML:1.0
---
calibration_time: "Mo 19 Dez 2022 15:56:41 CET"
image_width: 1920
image_height: 1080
flags: 0
camera_matrix: !!opencv-matrix
   rows: 3
   cols: 3
   dt: d
   data: [ 1.6667093779996680e+03, 0., 1.0234558527358200e+03, 0.,
       1.6466377014366915e+03, 5.3902705131162372e+02, 0., 0., 1. ]
distortion_coefficients: !!opencv-matrix
   rows: 1
   cols: 5
   dt: d
   data: [ 4.6887020977495447e-02, 1.0189144108036288e-01,
       -1.2073447897805359e-02, 1.1818800847895012e-02,
       -2.2289853569336882e+00 ]
avg_reprojection_error: 1.7014046840764889e+00
